percentile;N;N.target;cum.N;cum.target;precision;recall;acc.precision;acc.recall;uplift;acc.uplift
0.01;11480;5505;11480;5505;0.4795;0.0767;0.4795;0.0767;7.67;7.67
0.02;11479;3498;22959;9003;0.3047;0.0488;0.3921;0.1255;4.88;6.27
0.03;11479;2831;34438;11834;0.2466;0.0395;0.3436;0.1649;3.95;5.5
0.04;11479;2369;45917;14203;0.2064;0.033;0.3093;0.198;3.3;4.95
0.05;11479;2063;57396;16266;0.1797;0.0288;0.2834;0.2267;2.88;4.53
0.06;11479;1916;68875;18182;0.1669;0.0267;0.264;0.2534;2.67;4.22
0.07;11479;1756;80354;19938;0.153;0.0245;0.2481;0.2779;2.45;3.97
0.08;11479;1721;91833;21659;0.1499;0.024;0.2359;0.3019;2.4;3.77
0.09;11479;1498;103312;23157;0.1305;0.0209;0.2241;0.3228;2.09;3.59
0.1;11479;1441;114791;24598;0.1255;0.0201;0.2143;0.3429;2.01;3.43
0.11;11479;1382;126270;25980;0.1204;0.0193;0.2057;0.3621;1.93;3.29
0.12;11479;1280;137749;27260;0.1115;0.0178;0.1979;0.38;1.78;3.17
0.13;11479;1225;149228;28485;0.1067;0.0171;0.1909;0.397;1.71;3.05
0.14;11479;1158;160707;29643;0.1009;0.0161;0.1845;0.4132;1.61;2.95
0.15;11479;1154;172186;30797;0.1005;0.0161;0.1789;0.4293;1.61;2.86
0.16;11479;1094;183665;31891;0.0953;0.0152;0.1736;0.4445;1.52;2.78
0.17;11479;1027;195144;32918;0.0895;0.0143;0.1687;0.4588;1.43;2.7
0.18;11479;1028;206623;33946;0.0896;0.0143;0.1643;0.4731;1.43;2.63
0.19;11479;934;218102;34880;0.0814;0.013;0.1599;0.4862;1.3;2.56
0.2;11479;920;229581;35800;0.0801;0.0128;0.1559;0.499;1.28;2.49
0.21;11479;958;241060;36758;0.0835;0.0134;0.1525;0.5123;1.34;2.44
0.22;11479;898;252539;37656;0.0782;0.0125;0.1491;0.5249;1.25;2.39
0.23;11479;841;264018;38497;0.0733;0.0117;0.1458;0.5366;1.17;2.33
0.24;11479;863;275497;39360;0.0752;0.012;0.1429;0.5486;1.2;2.29
0.25;11479;828;286976;40188;0.0721;0.0115;0.14;0.5602;1.15;2.24
0.26;11480;777;298456;40965;0.0677;0.0108;0.1373;0.571;1.08;2.2
0.27;11479;802;309935;41767;0.0699;0.0112;0.1348;0.5822;1.12;2.16
0.28;11479;761;321414;42528;0.0663;0.0106;0.1323;0.5928;1.06;2.12
0.29;11479;754;332893;43282;0.0657;0.0105;0.13;0.6033;1.05;2.08
0.3;11479;682;344372;43964;0.0594;0.0095;0.1277;0.6128;0.95;2.04
0.31;11479;715;355851;44679;0.0623;0.01;0.1256;0.6227;1;2.01
0.32;11479;718;367330;45397;0.0625;0.01;0.1236;0.6328;1;1.98
0.33;11479;715;378809;46112;0.0623;0.01;0.1217;0.6427;1;1.95
0.34;11479;661;390288;46773;0.0576;0.0092;0.1198;0.6519;0.92;1.92
0.35;11479;680;401767;47453;0.0592;0.0095;0.1181;0.6614;0.95;1.89
0.36;11479;664;413246;48117;0.0578;0.0093;0.1164;0.6707;0.92;1.86
0.37;11479;664;424725;48781;0.0578;0.0093;0.1149;0.6799;0.92;1.84
0.38;11479;622;436204;49403;0.0542;0.0087;0.1133;0.6886;0.87;1.81
0.39;11479;618;447683;50021;0.0538;0.0086;0.1117;0.6972;0.86;1.79
0.4;11479;620;459162;50641;0.054;0.0086;0.1103;0.7058;0.86;1.76
0.41;11479;640;470641;51281;0.0558;0.0089;0.109;0.7148;0.89;1.74
0.42;11479;566;482120;51847;0.0493;0.0079;0.1075;0.7227;0.79;1.72
0.43;11479;546;493599;52393;0.0476;0.0076;0.1061;0.7303;0.76;1.7
0.44;11479;534;505078;52927;0.0465;0.0074;0.1048;0.7377;0.74;1.68
0.45;11479;550;516557;53477;0.0479;0.0077;0.1035;0.7454;0.77;1.66
0.46;11479;537;528036;54014;0.0468;0.0075;0.1023;0.7529;0.75;1.64
0.47;11479;551;539515;54565;0.048;0.0077;0.1011;0.7605;0.77;1.62
0.48;11479;537;550994;55102;0.0468;0.0075;0.1;0.768;0.75;1.6
0.49;11479;487;562473;55589;0.0424;0.0068;0.0988;0.7748;0.68;1.58
0.5;11479;506;573952;56095;0.0441;0.0071;0.0977;0.7819;0.71;1.56
0.51;11480;493;585432;56588;0.0429;0.0069;0.0967;0.7887;0.69;1.55
0.52;11479;477;596911;57065;0.0416;0.0066;0.0956;0.7954;0.67;1.53
0.53;11479;467;608390;57532;0.0407;0.0065;0.0946;0.8019;0.65;1.51
0.54;11479;442;619869;57974;0.0385;0.0062;0.0935;0.8081;0.62;1.5
0.55;11479;523;631348;58497;0.0456;0.0073;0.0927;0.8153;0.73;1.48
0.56;11479;442;642827;58939;0.0385;0.0062;0.0917;0.8215;0.62;1.47
0.57;11479;415;654306;59354;0.0362;0.0058;0.0907;0.8273;0.58;1.45
0.58;11479;409;665785;59763;0.0356;0.0057;0.0898;0.833;0.57;1.44
0.59;11479;414;677264;60177;0.0361;0.0058;0.0889;0.8388;0.58;1.42
0.6;11479;493;688743;60670;0.0429;0.0069;0.0881;0.8456;0.69;1.41
0.61;11479;442;700222;61112;0.0385;0.0062;0.0873;0.8518;0.62;1.4
0.62;11479;441;711701;61553;0.0384;0.0061;0.0865;0.8579;0.61;1.38
0.63;11479;392;723180;61945;0.0341;0.0055;0.0857;0.8634;0.55;1.37
0.64;11479;401;734659;62346;0.0349;0.0056;0.0849;0.869;0.56;1.36
0.65;11479;411;746138;62757;0.0358;0.0057;0.0841;0.8747;0.57;1.35
0.66;11479;387;757617;63144;0.0337;0.0054;0.0833;0.8801;0.54;1.33
0.67;11479;398;769096;63542;0.0347;0.0055;0.0826;0.8857;0.56;1.32
0.68;11479;390;780575;63932;0.034;0.0054;0.0819;0.8911;0.54;1.31
0.69;11479;340;792054;64272;0.0296;0.0047;0.0811;0.8958;0.47;1.3
0.7;11479;368;803533;64640;0.0321;0.0051;0.0804;0.901;0.51;1.29
0.71;11479;369;815012;65009;0.0321;0.0051;0.0798;0.9061;0.51;1.28
0.72;11479;336;826491;65345;0.0293;0.0047;0.0791;0.9108;0.47;1.27
0.73;11479;336;837970;65681;0.0293;0.0047;0.0784;0.9155;0.47;1.25
0.74;11479;333;849449;66014;0.029;0.0046;0.0777;0.9201;0.46;1.24
0.75;11479;319;860928;66333;0.0278;0.0044;0.077;0.9246;0.44;1.23
0.76;11480;312;872408;66645;0.0272;0.0043;0.0764;0.9289;0.44;1.22
0.77;11479;331;883887;66976;0.0288;0.0046;0.0758;0.9335;0.46;1.21
0.78;11479;344;895366;67320;0.03;0.0048;0.0752;0.9383;0.48;1.2
0.79;11479;309;906845;67629;0.0269;0.0043;0.0746;0.9426;0.43;1.19
0.8;11479;271;918324;67900;0.0236;0.0038;0.0739;0.9464;0.38;1.18
0.81;11479;279;929803;68179;0.0243;0.0039;0.0733;0.9503;0.39;1.17
0.82;11479;254;941282;68433;0.0221;0.0035;0.0727;0.9538;0.35;1.16
0.83;11479;290;952761;68723;0.0253;0.004;0.0721;0.9579;0.4;1.15
0.84;11479;230;964240;68953;0.02;0.0032;0.0715;0.9611;0.32;1.14
0.85;11479;252;975719;69205;0.022;0.0035;0.0709;0.9646;0.35;1.13
0.86;11479;216;987198;69421;0.0188;0.003;0.0703;0.9676;0.3;1.12
0.87;11479;240;998677;69661;0.0209;0.0033;0.0698;0.971;0.33;1.12
0.88;11479;226;1010156;69887;0.0197;0.0032;0.0692;0.9741;0.32;1.11
0.89;11479;240;1021635;70127;0.0209;0.0033;0.0686;0.9774;0.33;1.1
0.9;11479;224;1033114;70351;0.0195;0.0031;0.0681;0.9806;0.31;1.09
0.91;11479;204;1044593;70555;0.0178;0.0028;0.0675;0.9834;0.28;1.08
0.92;11479;181;1056072;70736;0.0158;0.0025;0.067;0.9859;0.25;1.07
0.93;11479;158;1067551;70894;0.0138;0.0022;0.0664;0.9881;0.22;1.06
0.94;11479;187;1079030;71081;0.0163;0.0026;0.0659;0.9907;0.26;1.05
0.95;11479;157;1090509;71238;0.0137;0.0022;0.0653;0.9929;0.22;1.04
0.96;11479;140;1101988;71378;0.0122;0.002;0.0648;0.9949;0.2;1.04
0.97;11479;118;1113467;71496;0.0103;0.0016;0.0642;0.9965;0.16;1.03
0.98;11479;80;1124946;71576;0.007;0.0011;0.0636;0.9976;0.11;1.02
0.99;11479;95;1136425;71671;0.0083;0.0013;0.0631;0.999;0.13;1.01
1;11479;74;1147904;71745;0.0064;0.001;0.0625;1;0.1;1
